theta through normal equations: 
matrix([[  1.12917806e+02],
        [  6.04220453e-04],
        [  2.31623460e+01],
        [ -1.91612320e-01]])

Cost: 184.09111829619098

theta through gradient descent: 
matrix([[ 239.84506683],
        [   0.38858845],
        [  10.24633591],
        [  -3.69688233]])

Cost: 184.09170366205663

Test Features: 
      vcapacity    50m  jump
2000       3605   7.26   208
2002       4247   7.53   208
2009       5295   6.57   260
2018       4484   7.01   216
2020       3705   7.36   230
2026       4162   7.26   240
2030       4281   6.71   260
2033       5080   7.00   275
2038       5043   6.61   265
2044       3113   8.42   225
2045       3189  10.06   155
2054       3796   7.66   212
2055       3925   6.66   238
2057       5068   7.67   212
2068       3792   6.93   240
2071       4229   7.40   218
2080       3547   6.71   245
2082       4389   8.64   195
2094       4384   7.08   215
2095       3632   6.82   262
2098       5118   7.58   225
2104       4179   7.62   238
2105       4962   7.21   250
2113       3954   6.80   250
2120       5629   7.98   250
2146       4389   7.50   225
2164       4259   6.91   220
2173       3585   6.48   263
2178       4030   7.39   215
2179       3823   6.87   210
...         ...    ...   ...
2379       3038   7.20   240
2385       3963   7.04   235
2388       5408   7.29   230
2392       4452   7.20   210
2403       4042   7.60   205
2405       4721   7.70   212
2409       4892   6.89   245
2411       3882   6.81   252
2418       3898   7.50   225
2422       4566   6.78   247
2425       3697   6.82   235
2428       4292   7.23   240
2433       3665   6.54   260
2436       4822   7.20   265
2438       3591   7.46   224
2441       3698   7.20   230
2445       3951   7.46   208
2454       3400   6.70   242
2464       3547   7.45   212
2470       3765   7.49   220
2472       4767   7.10   230
2477       4235   7.54   238
2483       3792   7.22   240
2488       4040   7.16   230
2489       4123   7.50   242
2492       3720   7.94   216
2495       3899   7.00   238
2496       3081   7.01   220
2497       4194   7.73   205
2499       5853   7.30   245

[119 rows x 3 columns]

Prediction using theta_ne: 
matrix([[ 243.39928991],
        [ 250.04103286],
        [ 218.47456307],
        [ 236.60691462],
        [ 241.56047551],
        [ 237.60424645],
        [ 221.10461197],
        [ 225.43027964],
        [ 218.29073175],
        [ 266.71292537],
        [ 318.157956  ],
        [ 252.01318514],
        [ 223.94686324],
        [ 253.01337701],
        [ 229.7371107 ],
        [ 245.10292871],
        [ 223.53529896],
        [ 278.3279964 ],
        [ 238.35946912],
        [ 222.87710631],
        [ 248.46801673],
        [ 246.3361874 ],
        [ 235.0133823 ],
        [ 224.90776623],
        [ 253.25140377],
        [ 246.17455234],
        [ 233.38828114],
        [ 214.78189799],
        [ 245.32590234],
        [ 234.11447039],
        [ 236.75312084],
        [ 233.46478453],
        [ 254.15897142],
        [ 238.89252061],
        [ 238.21162232],
        [ 237.37096965],
        [ 243.34393013],
        [ 253.30028171],
        [ 278.04295264],
        [ 238.01156604],
        [ 239.92409534],
        [ 218.97668712],
        [ 219.55196898],
        [ 235.88056252],
        [ 227.10236235],
        [ 233.53075618],
        [ 216.92461432],
        [ 241.20623716],
        [ 242.80425895],
        [ 244.93411276],
        [ 223.7929568 ],
        [ 205.45645842],
        [ 215.3252399 ],
        [ 232.1695731 ],
        [ 250.71792435],
        [ 220.53798462],
        [ 230.21350217],
        [ 212.64361125],
        [ 237.74815734],
        [ 239.38306331],
        [ 232.02650487],
        [ 228.35412798],
        [ 236.81883257],
        [ 260.24985548],
        [ 241.37954784],
        [ 254.64059385],
        [ 267.50927747],
        [ 239.34670423],
        [ 242.31869946],
        [ 223.30039967],
        [ 227.80748762],
        [ 221.16967761],
        [ 247.47973365],
        [ 246.23508139],
        [ 253.28121241],
        [ 254.95344277],
        [ 218.77415639],
        [ 215.15071034],
        [ 242.16848644],
        [ 233.41062331],
        [ 246.57004226],
        [ 222.47566902],
        [ 240.36155095],
        [ 242.70009927],
        [ 235.82659616],
        [ 247.72948019],
        [ 241.01641134],
        [ 247.40326284],
        [ 237.77308971],
        [ 235.5353619 ],
        [ 233.34635206],
        [ 240.96809872],
        [ 242.13809923],
        [ 252.11336885],
        [ 253.4985829 ],
        [ 228.51719775],
        [ 224.71266117],
        [ 245.8778801 ],
        [ 225.38913918],
        [ 228.0899133 ],
        [ 236.98792473],
        [ 216.79481335],
        [ 231.82298317],
        [ 244.9575029 ],
        [ 237.8502706 ],
        [ 248.24081939],
        [ 223.78969206],
        [ 246.99864158],
        [ 246.52395692],
        [ 236.17994766],
        [ 244.51703606],
        [ 236.45419104],
        [ 237.13042016],
        [ 242.75642025],
        [ 257.68627198],
        [ 231.80635115],
        [ 234.99274405],
        [ 255.21631534],
        [ 238.59441547]])

Error: 
matrix([[ -2.16007101e+01],
        [ -1.89589671e+01],
        [  8.47456307e+00],
        [  2.96069146e+01],
        [ -2.43952449e+00],
        [ -7.39575355e+00],
        [  3.41046120e+01],
        [  1.14302796e+01],
        [  5.29073175e+00],
        [ -1.28707463e+00],
        [ -4.18420440e+01],
        [ -1.39868149e+01],
        [ -7.05313676e+00],
        [  2.01337701e+00],
        [ -1.92628893e+01],
        [ -7.89707129e+00],
        [ -2.46470104e+00],
        [ -2.06720036e+01],
        [  1.43594691e+01],
        [  9.87710631e+00],
        [ -4.45319833e+01],
        [ -6.63812603e-01],
        [ -1.79866177e+01],
        [ -1.09223377e+00],
        [ -4.17485962e+01],
        [  9.17455234e+00],
        [ -5.61171886e+00],
        [ -4.21810201e+00],
        [ -2.06740977e+01],
        [  2.01144704e+01],
        [ -1.12468792e+01],
        [  7.46478453e+00],
        [ -7.84102858e+00],
        [ -8.81074794e+01],
        [  2.12116223e+01],
        [  1.63709696e+01],
        [  2.23439301e+01],
        [  1.53002817e+01],
        [  2.50429526e+01],
        [ -9.88433956e-01],
        [  2.92409534e+00],
        [ -2.33128778e-02],
        [  1.65519690e+01],
        [  1.78805625e+01],
        [ -2.88976377e+01],
        [ -1.54692438e+01],
        [  1.69246143e+01],
        [  1.20623716e+00],
        [ -1.01957411e+01],
        [  2.79341128e+01],
        [  9.79295680e+00],
        [ -3.54354158e+00],
        [ -2.36747601e+01],
        [  3.16957310e+00],
        [  2.71792435e+00],
        [  2.53798462e+00],
        [  1.21350217e+00],
        [  2.96436113e+01],
        [ -2.82518427e+01],
        [ -3.76169367e+01],
        [  1.30265049e+01],
        [  3.35412798e+00],
        [  9.81883257e+00],
        [ -7.50144517e-01],
        [  1.13795478e+01],
        [ -8.35940615e+00],
        [ -2.34907225e+01],
        [ -2.36532958e+01],
        [ -1.26813005e+01],
        [  1.03003997e+01],
        [ -8.19251238e+00],
        [  3.16967761e+00],
        [  2.24797337e+01],
        [ -1.37649186e+01],
        [  3.02812124e+01],
        [  5.95344277e+00],
        [ -2.25843610e-01],
        [ -3.84928966e+00],
        [  2.51684864e+01],
        [ -2.65893767e+01],
        [ -2.42995774e+00],
        [  1.04756690e+01],
        [  3.61550952e-01],
        [ -2.72999007e+01],
        [ -3.01734038e+01],
        [ -2.42705198e+01],
        [ -1.98358866e+00],
        [  3.74032628e+01],
        [  1.77308971e+00],
        [ -1.74646381e+01],
        [  1.34635206e+00],
        [ -1.80319013e+01],
        [ -2.18619008e+01],
        [  1.51133689e+01],
        [  2.14985829e+01],
        [ -1.04828022e+01],
        [  8.71266117e+00],
        [  8.77880096e-01],
        [ -2.16108608e+01],
        [ -1.69100867e+01],
        [  6.98792473e+00],
        [  5.79481335e+00],
        [  1.38229832e+01],
        [  7.95750290e+00],
        [ -2.51497294e+01],
        [ -2.37591806e+01],
        [  3.78969206e+00],
        [  2.99864158e+00],
        [ -1.54760431e+01],
        [  1.41799477e+01],
        [  2.35170361e+01],
        [ -1.85458090e+01],
        [  7.13042016e+00],
        [  1.37564202e+01],
        [  1.36862720e+01],
        [  2.80635115e+00],
        [  4.99274405e+00],
        [ -3.87836847e+01],
        [ -2.40558453e+00]])

Prediction using theta_gd: 
matrix([[ 243.42963874],
        [ 250.05542923],
        [ 218.47623232],
        [ 236.64829067],
        [ 241.54436289],
        [ 237.58107886],
        [ 221.08828238],
        [ 225.37063491],
        [ 218.27854038],
        [ 266.62069705],
        [ 318.06708432],
        [ 252.00721881],
        [ 223.9713335 ],
        [ 253.01583448],
        [ 229.73643528],
        [ 245.10912734],
        [ 223.54063988],
        [ 278.28214999],
        [ 238.39658318],
        [ 222.84410538],
        [ 248.45432305],
        [ 246.28928682],
        [ 234.98182412],
        [ 224.90019302],
        [ 253.16594595],
        [ 246.16169427],
        [ 233.4284654 ],
        [ 214.77268637],
        [ 245.33682063],
        [ 234.17253704],
        [ 236.76889445],
        [ 233.51607009],
        [ 254.14588898],
        [ 238.84631593],
        [ 238.15473244],
        [ 237.31355472],
        [ 243.28942689],
        [ 253.31331643],
        [ 278.00536262],
        [ 237.98012711],
        [ 239.93999893],
        [ 218.97376491],
        [ 219.58943651],
        [ 235.85239318],
        [ 227.07864761],
        [ 233.51638104],
        [ 216.9020862 ],
        [ 241.18482025],
        [ 242.80104407],
        [ 244.91242012],
        [ 223.74659153],
        [ 205.41616222],
        [ 215.34683369],
        [ 232.12512449],
        [ 250.75412925],
        [ 220.53713891],
        [ 230.19979537],
        [ 212.63347305],
        [ 237.74297453],
        [ 239.36457214],
        [ 231.98995505],
        [ 228.29165943],
        [ 236.82372823],
        [ 260.2212985 ],
        [ 241.37999814],
        [ 254.6180736 ],
        [ 267.46057341],
        [ 239.29886611],
        [ 242.27419861],
        [ 223.27853594],
        [ 227.79220093],
        [ 221.14706363],
        [ 247.49069409],
        [ 246.22656376],
        [ 253.27529373],
        [ 254.87634496],
        [ 218.78655457],
        [ 215.18442815],
        [ 242.16071135],
        [ 233.39842925],
        [ 246.57669949],
        [ 222.49864758],
        [ 240.38268325],
        [ 242.73112172],
        [ 235.80336739],
        [ 247.6532435 ],
        [ 241.01252124],
        [ 247.40723148],
        [ 237.73321476],
        [ 235.50865214],
        [ 233.34751397],
        [ 240.96962301],
        [ 242.17554421],
        [ 252.12634112],
        [ 253.49624668],
        [ 228.51852625],
        [ 224.70020924],
        [ 245.86147604],
        [ 225.39290522],
        [ 228.10593036],
        [ 236.96798366],
        [ 216.78699845],
        [ 231.76420503],
        [ 244.94373   ],
        [ 237.8463083 ],
        [ 248.25841593],
        [ 223.80012818],
        [ 247.00689062],
        [ 246.51634537],
        [ 236.1913312 ],
        [ 244.47664035],
        [ 236.43140154],
        [ 237.13197799],
        [ 242.71107351],
        [ 257.65121288],
        [ 231.80470679],
        [ 235.01679527],
        [ 255.22047215],
        [ 238.57141955]])

Error: 
matrix([[ -2.15703613e+01],
        [ -1.89445708e+01],
        [  8.47623232e+00],
        [  2.96482907e+01],
        [ -2.45563711e+00],
        [ -7.41892114e+00],
        [  3.40882824e+01],
        [  1.13706349e+01],
        [  5.27854038e+00],
        [ -1.37930295e+00],
        [ -4.19329157e+01],
        [ -1.39927812e+01],
        [ -7.02866650e+00],
        [  2.01583448e+00],
        [ -1.92635647e+01],
        [ -7.89087266e+00],
        [ -2.45936012e+00],
        [ -2.07178500e+01],
        [  1.43965832e+01],
        [  9.84410538e+00],
        [ -4.45456770e+01],
        [ -7.10713180e-01],
        [ -1.80181759e+01],
        [ -1.09980698e+00],
        [ -4.18340540e+01],
        [  9.16169427e+00],
        [ -5.57153460e+00],
        [ -4.22731363e+00],
        [ -2.06631794e+01],
        [  2.01725370e+01],
        [ -1.12311055e+01],
        [  7.51607009e+00],
        [ -7.85411102e+00],
        [ -8.81536841e+01],
        [  2.11547324e+01],
        [  1.63135547e+01],
        [  2.22894269e+01],
        [  1.53133164e+01],
        [  2.50053626e+01],
        [ -1.01987289e+00],
        [  2.93999893e+00],
        [ -2.62350928e-02],
        [  1.65894365e+01],
        [  1.78523932e+01],
        [ -2.89213524e+01],
        [ -1.54836190e+01],
        [  1.69020862e+01],
        [  1.18482025e+00],
        [ -1.01989559e+01],
        [  2.79124201e+01],
        [  9.74659153e+00],
        [ -3.58383778e+00],
        [ -2.36531663e+01],
        [  3.12512449e+00],
        [  2.75412925e+00],
        [  2.53713891e+00],
        [  1.19979537e+00],
        [  2.96334730e+01],
        [ -2.82570255e+01],
        [ -3.76354279e+01],
        [  1.29899550e+01],
        [  3.29165943e+00],
        [  9.82372823e+00],
        [ -7.78701496e-01],
        [  1.13799981e+01],
        [ -8.38192640e+00],
        [ -2.35394266e+01],
        [ -2.37011339e+01],
        [ -1.27258014e+01],
        [  1.02785359e+01],
        [ -8.20779907e+00],
        [  3.14706363e+00],
        [  2.24906941e+01],
        [ -1.37734362e+01],
        [  3.02752937e+01],
        [  5.87634496e+00],
        [ -2.13445435e-01],
        [ -3.81557185e+00],
        [  2.51607113e+01],
        [ -2.66015707e+01],
        [ -2.42330051e+00],
        [  1.04986476e+01],
        [  3.82683253e-01],
        [ -2.72688783e+01],
        [ -3.01966326e+01],
        [ -2.43467565e+01],
        [ -1.98747876e+00],
        [  3.74072315e+01],
        [  1.73321476e+00],
        [ -1.74913479e+01],
        [  1.34751397e+00],
        [ -1.80303770e+01],
        [ -2.18244558e+01],
        [  1.51263411e+01],
        [  2.14962467e+01],
        [ -1.04814738e+01],
        [  8.70020924e+00],
        [  8.61476037e-01],
        [ -2.16070948e+01],
        [ -1.68940696e+01],
        [  6.96798366e+00],
        [  5.78699845e+00],
        [  1.37642050e+01],
        [  7.94373000e+00],
        [ -2.51536917e+01],
        [ -2.37415841e+01],
        [  3.80012818e+00],
        [  3.00689062e+00],
        [ -1.54836546e+01],
        [  1.41913312e+01],
        [  2.34766404e+01],
        [ -1.85685985e+01],
        [  7.13197799e+00],
        [  1.37110735e+01],
        [  1.36512129e+01],
        [  2.80470679e+00],
        [  5.01679527e+00],
        [ -3.87795279e+01],
        [ -2.42858045e+00]])

